First Name,Last Name,Street Number,Street,City,Province,Postal Code,Country,Phone Number,email Address
William,Moore,22,Blue Willow Court,Burnaby,Nunavut,B3V 2V1,Canada,1134657872,William@student.com
"",Wilson,342,Arnold Drive,London,Nunavut,N4N 0B9,Canada,1152734656,null@right.com
William,Taylor,237,Auburn Avenue,Norfolk County,Prince Edward Island,N4N 0B9,Canada,1026320428,William@eye.com
Mason,Jackson,491,Birchdale Avenue,Saint John,Manitoba,L3V 1Y8,Canada,549037983,Mason@month.com
James,Anderson,4,Barkton Lane,Ottawa,Prince Edward Island,E4S 3C4,Canada,755927404,James@company.com
Jacob,Miller,430,Armdale Rotary,North Vancouver,,H0H 3C9,Canada,968738559,Jacob@woman.com
Liam,Thomas,337,Berlin Street,Sherbrooke,,J0J 3V6,Canada,472734049,Liam@case.com
Liam,Johnson,330,Centre Gate,Greater Sudbury,Manitoba,G0H 2P3,Canada,970480730,Liam@Mr.com
Mason,Miller,18,Bedford Row,Fredericton,New Brunswick,K1B 3B2,Canada,940839385,Mason@government.com
William,Jackson,425,Alderwood Drive,Clarington,Nunavut,H0H 3C9,Canada,645342373,William@null
James,Williams,497,Battery Drive,Saanich,Prince Edward Island,G3H 0B4,Canada,543444076,James@eye.com
"",Miller,11,Albert Walker Drive,Mirabel,Saskatchewan,V8B 1P6,Canada,501505564,null@state.com
William,,305,Alumni Crescent,Milton,Northwest Territories,H0H 3C9,Canada,496659421,William@job.com
William,Williams,204,Cedar Street,Strathcona County,New Brunswick,L4A 0T0,Canada,1147548808,William@woman.com
Jacob,Jones,367,Clearview Street,Delta,Alberta,L0N 3J2,Canada,740470607,Jacob@point.com
Liam,Miller,196,Apollo Court,Medicine Hat,Saskatchewan,K1B 3B2,Canada,964255623,Liam@family.com
Jacob,Williams,424,Alm-b Ramp,North Vancouver,Newfoundland and Labrador,E4M 2G2,Canada,1231217491,Jacob@life.com
"",Jackson,391,Campbell Drive,North Vancouver,Newfoundland and Labrador,H0H 3C9,Canada,545738064,null@way.com
William,Johnson,273,Belmont Road,Halton Hills,Alberta,J0J 3V6,Canada,1131414607,William@point.com
Alexander,Jones,128,Catamaran Road,Chilliwack,Nova Scotia,,Canada,881257834,Alexander@right.com
"",Jackson,40,Brook Street,Mississauga,Saskatchewan,K1B 3B2,Canada,271532636,null@lot.com
James,Wilson,28,Bishop Street,Saint-JÃ©rÃ´me,Alberta,H3J 3P2,Canada,212922583,James@number.com
William,Anderson,13,Canterbury Close,Prince George,,H9S 1R4,Canada,639351762,William@world.com
Jacob,Thomas,372,Balwearie Lane,Airdrie,Nova Scotia,N4N 0B9,Canada,655814367,Jacob@study.com
James,Jackson,154,Bland Street,Saguenay,New Brunswick,E5V 3X5,Canada,625597860,James@company.com
Mason,Miller,412,Atlantic Street,Hamilton,Nova Scotia,J9T 3H4,Canada,241957280,Mason@woman.com
Liam,Anderson,151,Brigadier Court,LÃ©vis,New Brunswick,N5C 2J8,Canada,892059101,Liam@null
James,Moore,188,Blenheim Terrace,Windsor,Northwest Territories,"B0T 0Y5 ",Canada,104028853,James@program.com
Ethan,Thomas,71,Carriageway Crescent,Ajax,New Brunswick,J0J 3V6,Canada,352975690,Ethan@point.com
Ethan,Jackson,434,Belmont Road,Port Coquitlam,Alberta,L9R 0A0,Canada,340930319,Ethan@state.com
Ethan,Brown,311,Carroll Lane,Barrie,Prince Edward Island,H0H 3C9,Canada,924487712,Ethan@job.com
Ethan,Johnson,352,Acorn Road,Ottawa,Prince Edward Island,H9S 1R4,Canada,601657181,Ethan@way.com
